Feature	Gain	Cover	Frequency
ctrx_quarter	0.12443715546235	0.0165371316632544	0.0179353727487176
mcaja_ahorro	0.104074650806093	0.0161231490656806	0.0166248549069532
mcuentas_saldo	0.0492556795754522	0.0151760566772701	0.0235144344179429
ctarjeta_visa_transacciones	0.0472360888123925	0.0141685252908472	0.0147901299284832
mtarjeta_visa_consumo	0.0441491030648285	0.0146828955182663	0.011794660575879
mpayroll	0.0419336905106396	0.0205935936939529	0.00977271876287116
cpayroll_trx	0.0348108312587788	0.00881309444079069	0.00415621372673831
mpasivos_margen	0.0327427795081553	0.0124193281209941	0.0169618452091212
mcuenta_corriente	0.0215036325134789	0.0219968212094199	0.0239637548208335
mrentabilidad_annual	0.0172956562222619	0.0294566406973172	0.0255738195978582
ctarjeta_debito_transacciones	0.0167443451403777	0.0181894639470867	0.0132549518852735
Visa_mpagominimo	0.0158394741496063	0.017083583398286	0.0190212303890366
cdescubierto_preacordado	0.0146237448246005	0.0114795734802209	0.00539184483468754
mactivos_margen	0.0135900703076055	0.0254794914103075	0.0236642078855731
Visa_msaldototal	0.0133221088850774	0.00678605911803617	0.0111955667053581
mrentabilidad	0.0127751247033124	0.0252740243668383	0.0219792563747332
mtransferencias_recibidas	0.0123785856867839	0.0118982258042158	0.0137042722881642
mextraccion_autoservicio	0.0122427435238257	0.00472071292225251	0.0063653723742839
Master_fechaalta	0.0110858590819422	0.0296389714107483	0.0261354701014715
ctarjeta_visa	0.0104912317223249	0.000713399279630779	0.00138540457557944
mcomisiones_mantenimiento	0.0103559773003773	0.0198751717701791	0.0129928483169207
mprestamos_personales	0.00977142083745442	0.0178584831862649	0.0145280263601303
cliente_edad	0.00963109988690863	0.0315001491899931	0.0281199685475718
Visa_mconsumototal	0.00939958637708136	0.00571351183189336	0.0108585764031902
Visa_fechaalta	0.00938346245140245	0.0119851382266638	0.0218669262740106
Master_Fvencimiento	0.00907731151693711	0.0158068649384346	0.0249747257273374
Visa_Fvencimiento	0.00901286561930526	0.0173233137896598	0.0247875088927996
cprestamos_personales	0.00894994407881254	0.00923490188598284	0.00928595499307298
Visa_mpagospesos	0.00886478302869122	0.015984691355627	0.0187965701875913
mcuenta_debitos_automaticos	0.00872584077215552	0.00976613128708182	0.0102969258995769
Visa_status	0.00865229999156409	0.00665038982560926	0.00475530759725915
numero_de_cliente	0.00864690137919832	0.0160518771479036	0.0234021043172202
ccomisiones_otras	0.00844333676552153	0.00632313767728306	0.00954805856142584
ccomisiones_mantenimiento	0.00801801530081551	0.00994854747277379	0.00539184483468754
chomebanking_transacciones	0.00748745185872767	0.0106888457000312	0.0151271202306511
cproductos	0.007459604656507	0.0112987527767307	0.0117197738420639
Visa_msaldopesos	0.00734937768592221	0.00631799831295587	0.0104092560002995
cliente_antiguedad	0.00729737379325409	0.0175006227780044	0.0200322012955405
mtransferencias_emitidas	0.00705889710996702	0.0149000281467507	0.0116074437413412
mautoservicio	0.00675114130017188	0.00560962259652474	0.00857453102182948
Visa_mfinanciacion_limite	0.00648799005389575	0.0100930084603284	0.0190586737559441
Master_mfinanciacion_limite	0.00593691344089578	0.0175549564832367	0.0192084472235743
Visa_mlimitecompra	0.00584193000472765	0.00738272718487633	0.0148650166622983
mpagomiscuentas	0.00581030870125649	0.00941977287176743	0.00917362489235032
Master_mlimitecompra	0.00575459721392772	0.0102065312466408	0.0155764406335418
mcomisiones_otras	0.00563876922881327	0.0078862029157406	0.0149399033961134
mttarjeta_visa_debitos_automaticos	0.00561511488419028	0.00711236188092783	0.0112704534391733
mcomisiones	0.00551416887542929	0.00771410038285259	0.0159883176695248
Master_msaldototal	0.00548113484922053	0.00785078431373036	0.00995993559740892
mtarjeta_master_consumo	0.00537008018455751	0.00684271527921536	0.00576627850376306
Master_mpagospesos	0.00503521011620635	0.0150064291637192	0.0137791590219793
Visa_mconsumospesos	0.00465565194374987	0.00872144520079216	0.0141161493241472
tmobile_app	0.00462506981182613	0.00928437378197146	0.00307035608641929
mcaja_ahorro_dolares	0.00457473844660832	0.0129047572570928	0.0133298386190886
ctransferencias_recibidas	0.0045010477082832	0.0117022085003768	0.0108585764031902
Master_status	0.00427679848401515	0.00402802550143389	0.00295802598569663
Visa_cconsumos	0.00418165172870352	0.0106265290694509	0.0128056314823829
Master_msaldopesos	0.00401557867362869	0.00675273596500053	0.00939828509379563
ccuenta_debitos_automaticos	0.00370300454484101	0.00427806770749841	0.0048676376979818
cextraccion_autoservicio	0.00369486064842561	0.00339816019230788	0.00475530759725915
ccajas_transacciones	0.00368437711667664	0.00471523258793866	0.00269592241734377
Master_mpagominimo	0.00339221212522044	0.00664381121869688	0.00782566368367844
thomebanking	0.00329021999343822	0.00677202144801945	0.00411877035983076
Master_mconsumospesos	0.00322590690622836	0.00405820548100761	0.0087991912232748
ccallcenter_transacciones	0.00318937510445516	0.00330539797480573	0.00370689332384768
Visa_madelantopesos	0.00293722526359493	6.39801229680593e-05	3.74433669075523e-05
Visa_mconsumosdolares	0.00280732861893726	0.00555916731000856	0.00726401318006515
ccaja_ahorro	0.00273022258518521	0.00415086476417417	0.00277080915115887
ccajas_consultas	0.00266819634822974	0.00219374575075919	0.0015726214101172
ccaja_seguridad	0.00254520973452444	0.00486591466940074	0.00209682854682293
catm_trx	0.00249043905526397	0.00158125612510419	0.00310779945332684
cmobile_app_trx	0.00218798298362313	0.00656315940958876	0.00396899689220055
ctarjeta_debito	0.00215098251757317	0.00423964011428516	0.00539184483468754
internet	0.00209539193503264	0.00711876494803576	0.00389411015838544
ctransferencias_emitidas	0.00207634813462187	0.00298436692038703	0.00512974126633467
Master_mconsumototal	0.00200696927004207	0.00205233327384004	0.00527951473396488
tcallcenter	0.00174306998532429	0.00186683916770248	0.00175983824465496
ctarjeta_visa_debitos_automaticos	0.00171929022327857	0.00725330839616709	0.00599093870520837
mttarjeta_master_debitos_automaticos	0.00170522499654952	0.0087344801800934	0.0056539484030404
Visa_Finiciomora	0.00168885172927824	0.011709476399715	0.00483019433107425
matm	0.00164411408023787	0.00686001100476496	0.0063653723742839
Master_cconsumos	0.00162817560646187	0.000724451853915256	0.00228404538136069
ccajas_otras	0.00153060005904347	0.00393001271375984	0.00179728161156251
matm_other	0.00151743302316931	0.00523840186293796	0.00490508106488935
Visa_mpagado	0.00145059050617185	0.00588947991670557	0.00539184483468754
mplazo_fijo_dolares	0.00140537605893586	0.0113717130014228	0.00438087392818362
cpagomiscuentas	0.00129196717933559	0.00182337422544107	0.00396899689220055
Visa_delinquency	0.00126688031434507	0.000764029186894837	0.000711423971243494
ctarjeta_master_transacciones	0.0012459315686474	0.00278551248892322	0.00295802598569663
Master_fultimo_cierre	0.00112455683773015	0.0036578699544092	0.00415621372673831
Visa_fultimo_cierre	0.0010916013279572	0.00355668642157621	0.0032201295540495
catm_trx_other	0.000983543612330242	0.00319010508554373	0.00303291271951174
Visa_msaldodolares	0.000906347511445106	0.00230367410683489	0.00355711985621747
Visa_mpagosdolares	0.000887622339930657	0.00166988166899463	0.00269592241734377
tcuentas	0.000853787715183723	0.00988137087106289	0.00280825251806643
cseguro_accidentes_personales	0.000796036184862571	0.00340509355505544	0.0023589321151758
Master_mpagado	0.000526752506337371	0.00192943427242285	0.00161006477702475
cseguro_auto	0.000521332411182178	0.00689917751945873	0.00183472497847006
cplazo_fijo	0.000486615038039561	0.0016650033167327	0.00108585764031902
ccheques_emitidos	0.000484145785526616	0.00365372592834494	0.00108585764031902
ctarjeta_master	0.000470564106533212	0.000138504581938597	0.000299546935260419
mprestamos_prendarios	0.000461968507556119	0.0106337868591669	0.00269592241734377
mcaja_ahorro_adicional	0.000425248714525907	0.00955744662656872	0.00299546935260419
Master_mconsumosdolares	0.000407696412894738	6.9554201051824e-06	7.48867338151047e-05
Master_mpagosdolares	0.000403002271187396	9.70064207322942e-06	0.000112330100722657
Master_delinquency	0.000387831298782087	0.00183834014259128	0.00063653723742839
mforex_sell	0.000322143355007497	0.00181671933683356	0.00112330100722657
mcheques_emitidos	0.000321109589032158	0.00258609743295305	0.000823754071966151
ctarjeta_master_debitos_automaticos	0.000304002024422419	0.000304778458073559	0.00104841427341147
cseguro_vivienda	0.000300336887642611	0.000486632181146027	0.000823754071966151
active_quarter	0.000298230638177929	0.00546081079517816	0.00205938517991538
minversion2	0.0002813790812866	0.0093078869252023	0.00239637548208335
Master_Finiciomora	0.000266520365157891	0.00278481768215796	0.000786310705058599
cseguro_vida	0.000213926818322798	0.000103153071057804	0.000299546935260419
mtarjeta_visa_descuentos	0.00020087506713149	0.00117170981358319	0.000861197438873704
mforex_buy	0.000199552573793408	0.00666260500645202	0.00168495151083985
minversion1_pesos	0.000195716407692711	0.00164668468122312	0.000861197438873704
ccajas_depositos	0.000187990847721181	8.01610329009136e-05	0.000336990302167971
Master_msaldodolares	0.000150589043876872	0.000164318123758663	0.000524207136705733
mcheques_depositados	0.00014534987271798	0.00341050587918327	0.00097352753959636
ccajas_extracciones	0.000101713770119673	0.00204997681280018	0.000861197438873704
cforex_sell	9.78593115583994e-05	0.00013914516436636	0.000299546935260419
ctarjeta_visa_descuentos	6.81030185504303e-05	0.0003689047110359	0.000299546935260419
ccheques_depositados	5.67060634390506e-05	0.000723181717738544	0.000299546935260419
mtarjeta_master_descuentos	4.8771243874009e-05	5.23467049327265e-05	0.000149773467630209
cinversion1	4.75110593384012e-05	4.94434052350163e-05	0.000149773467630209
cforex	3.84292336520981e-05	4.54344804862311e-05	0.000187216834537762
cforex_buy	1.27533590791618e-05	0.000122853048588801	3.74433669075523e-05
ccajeros_propios_descuentos	6.1770878503741e-06	9.68409905500885e-06	3.74433669075523e-05
ctarjeta_master_descuentos	5.75781920343494e-06	8.30459514672677e-06	3.74433669075523e-05
mprestamos_hipotecarios	5.39627536745367e-06	6.76701350878145e-06	3.74433669075523e-05
cinversion2	4.4250016812491e-06	0.000135280531498721	3.74433669075523e-05
cprestamos_hipotecarios	2.61565007090218e-07	0.000151273034835175	3.74433669075523e-05
